$ 1 0.000001 16.817414165184545 50 5 50 5e-11
f 320 288 240 288 0 1.5 0.02
f 320 288 400 288 0 1.5 0.02
w 240 240 240 272 0
w 240 304 240 352 1
w 240 352 320 352 0
w 400 304 400 352 1
w 400 352 320 352 0
g 320 352 320 384 0 0
R 240 112 240 80 0 0 40 12 0 0 0.5
w 400 272 400 240 0
w 400 112 448 112 0
r 240 112 240 240 0 10
162 400 144 400 240 2 default-led 1 0 0 0.01
w 400 144 400 112 1
r 320 240 240 240 0 10000
w 320 288 320 256 0
w 320 256 320 240 0
w 320 256 192 256 0
c 560 208 560 288 0 0.00021999999999999998 0.0010000000000000009 0.001
w 400 352 448 352 0
w 448 272 448 352 0
w 448 192 448 112 0
w 400 112 240 112 0
165 -112 192 -64 192 6 11.999999828564716
w -48 160 -48 112 0
w -16 352 240 352 0
w -112 288 -256 288 0
v -624 448 -624 352 0 2 2000 2.5 2.5 0 0.1
g -160 448 -160 480 0 0
w 16 224 64 224 0
w 64 224 64 112 0
w -48 112 64 112 0
w 64 112 240 112 0
w -112 224 -160 224 0
w -160 224 -160 320 0
w -112 320 -160 320 0
w -544 448 -384 448 0
w -256 448 -160 448 0
w -160 448 -48 448 0
w 112 512 112 416 0
w -160 224 -160 112 0
r -160 112 -48 112 0 8100
f -320 352 -256 352 32 1.5 0.02
r -256 112 -256 288 0 10000
w -256 288 -256 336 0
w -256 368 -256 448 0
w -384 448 -256 448 0
w -544 352 -464 352 0
r -384 352 -320 352 0 1000
R -256 112 -256 80 0 0 40 12 0 0 0.5
c -48 448 -48 352 0 1e-9 -7.999999999999998 0.001
209 -160 320 -160 448 0 0.000001 1.8190958949707199 0.001 1
d 192 256 16 256 2 default
c -464 352 -384 352 0 1e-8 7.115216327927785e-12 0.001
r -384 352 -384 448 0 1000
w -640 320 -272 80 0
w -576 64 -576 160 0
r -544 352 -544 448 0 100000
w -624 352 -544 352 0
w -624 448 -544 448 0
w 16 272 192 272 0
o 13 16 0 4099 20 1.6 0 4 13 3 27 0 27 3
o 26 1 0 4099 20 0.00009765625 1 2 26 3
o 27 1 3 4099 5 0.00625 2 1
38 41 F1 0 0 10000 -1 Resistance
