$ 1 0.000005 0.2954511527092107 50 5 50 5e-11
f 320 288 240 288 0 1.5 0.02
f 320 288 400 288 0 1.5 0.02
w 240 240 240 272 0
w 240 304 240 352 1
w 240 352 320 352 0
w 400 304 400 352 1
w 400 352 320 352 0
g 320 352 320 384 0 0
R 240 112 240 80 0 0 40 12 0 0 0.5
w 400 272 400 240 0
w 400 112 448 112 0
r 240 112 240 240 0 10
162 400 144 400 240 2 default-led 1 0 0 0.01
w 400 144 400 112 1
r 320 240 240 240 0 1000
w 320 288 320 256 0
w 320 256 320 240 0
w 320 256 192 256 0
f 128 272 192 272 32 1.5 0.02
w 192 352 128 352 0
w 32 352 64 352 0
w 192 304 192 352 0
w 192 288 192 304 0
w 128 112 128 160 0
f 32 256 96 256 32 1.5 0.02
r 128 240 128 160 0 1000
w 128 240 128 272 0
w 128 240 96 240 0
w 64 352 96 352 0
w 96 352 128 352 0
v -176 288 -176 192 0 0 40 5 0 0 0.5
r 32 256 32 352 0 3000
w 128 112 240 112 0
w -80 352 -176 352 0
w -176 288 -176 352 0
s -80 192 -176 192 0 1 false
c 448 192 448 272 0 0.00021999999999999998 0.0009999999999994458 0.001
w 400 352 448 352 0
w 448 272 448 336 0
w 448 192 448 112 0
w 400 112 240 112 0
w 192 352 240 352 0
w -80 352 -32 352 0
w -32 352 32 352 0
w -32 192 32 192 2
c -304 208 -304 368 0 1.0000000000000001e-7 0.001 0.001
w -32 144 -80 144 0
c 128 352 128 272 0 1.0000000000000001e-7 -11.999708567820957 0.001
r 96 272 96 352 0 70
209 32 192 32 256 0 1.0000000000000001e-7 0.001184682330257144 0.001 1
r -192 144 -176 64 0 1000
w -96 112 128 112 0
d -80 192 -32 192 2 default
w -80 272 -80 192 0
r -80 272 -80 352 0 100000
f -80 272 -32 272 40 1.5 0.02
r -32 192 -176 352 0 10
w -32 352 -32 288 0
w 16 256 32 256 0
o 12 1 0 4099 2.5 0.00009765625 0 4 12 3 46 0 46 3
o 47 1 0 4099 20 0.00009765625 1 2 47 3
o 49 1 0 4099 2.5 0.00078125 2 2 49 3
o 58 1 0 4099 2.5 0.00009765625 3 2 58 3
